    Id Obs Rep  Sub Vic
1    1  KL   1 1.60 4.5
2    1  KL   2 1.70 4.4
3    1  KL   3 1.70 4.7
4    3  KL   1 2.80 6.4
5    3  KL   2 2.90 6.2
6    3  KL   3 2.80 6.5
7    5  KL   1 2.70 3.6
8    5  KL   2 2.80 3.9
9    5  KL   3 2.90 4.0
10  11  KL   1 3.90 4.3
11  11  KL   2 4.10 4.1
12  11  KL   3 4.10 4.3
13  14  KL   1 2.90 6.1
14  14  KL   2 3.00 6.0
15  14  KL   3 2.90 5.7
16  18  KL   1 1.60 2.0
17  18  KL   2 1.60 2.2
18  18  KL   3 1.70 2.2
19  19  KL   1 1.60 5.5
20  19  KL   2 1.60 5.1
21  19  KL   3 1.60 5.5
22  22  KL   1 1.90 3.9
23  22  KL   2 1.90 3.8
24  22  KL   3 1.80 4.0
25  28  KL   1 0.61 3.4
26  28  KL   2 0.63 3.8
27  28  KL   3 0.63 3.9
28  31  KL   1 1.70 3.3
29  31  KL   2 1.80 2.9
30  31  KL   3 1.90 2.9
31  33  KL   1 1.70 4.1
32  33  KL   2 1.60 4.3
33  33  KL   3 1.60 4.0
34  35  KL   1 2.60 6.5
35  35  KL   2 2.40 6.2
36  35  KL   3 2.40 5.9
37  36  KL   1 2.20 3.9
38  36  KL   2 2.10 3.5
39  36  KL   3 2.10 3.5
40  37  KL   1 3.20 5.1
41  37  KL   2 3.00 5.3
42  37  KL   3 3.20 5.4
43  39  KL   1 0.86 3.5
44  39  KL   2 0.77 3.5
45  39  KL   3 0.85 3.3
46  42  KL   1 1.30 4.6
47  42  KL   2 1.10 4.1
48  42  KL   3 1.20 4.5
49  45  KL   1 1.80 3.4
50  45  KL   2 2.00 3.4
51  45  KL   3 1.90 3.9
52   2  KL   1 0.83 3.0
53   2  KL   2 0.85 3.1
54   2  KL   3 0.77 2.9
55   4  KL   1 0.57 2.2
56   4  KL   2 0.60 2.2
57   4  KL   3 0.73 2.1
58   6  KL   1 0.98 3.5
59   6  KL   2 0.89 3.3
60   6  KL   3 0.92 3.0
61   7  KL   1 1.60 2.4
62   7  KL   2 1.60 2.6
63   7  KL   3 1.40 2.7
64   8  KL   1 1.50 3.8
65   8  KL   2 1.40 3.6
66   8  KL   3 1.50 4.0
67   9  KL   1 2.30 3.7
68   9  KL   2 2.30 4.0
69   9  KL   3 2.40 3.7
70  10  KL   1 1.00 4.3
71  10  KL   2 1.20 4.2
72  10  KL   3 1.10 3.8
73  13  KL   1 1.00 2.8
74  13  KL   2 0.98 3.0
75  13  KL   3 1.00 3.0
76  15  KL   1 0.67 5.0
77  15  KL   2 0.72 5.2
78  15  KL   3 0.71 5.3
79  16  KL   1 1.30 4.5
80  16  KL   2 1.40 4.3
81  16  KL   3 1.40 4.1
82  17  KL   1 1.70 3.2
83  17  KL   2 1.70 3.0
84  17  KL   3 1.70 3.3
85  20  KL   1 1.90 3.2
86  20  KL   2 2.00 3.0
87  20  KL   3 1.90 3.0
88  21  KL   1 1.40 3.5
89  21  KL   2 1.30 3.0
90  21  KL   3 1.20 3.4
91  24  KL   1 1.90 5.9
92  24  KL   2 2.00 5.8
93  24  KL   3 2.00 5.9
94  25  KL   1 1.70 3.8
95  25  KL   2 1.80 3.8
96  25  KL   3 1.70 3.6
97  27  KL   1 1.30 3.8
98  27  KL   2 1.20 3.8
99  27  KL   3 1.20 3.8
100 29  KL   1 2.60 2.7
101 29  KL   2 2.70 2.5
102 29  KL   3 2.70 2.7
103 30  KL   1 1.90 3.8
104 30  KL   2 2.10 4.3
105 30  KL   3 2.00 3.7
106 32  KL   1 0.46 3.3
107 32  KL   2 0.39 2.7
108 32  KL   3 0.46 3.0
109 34  KL   1 3.80 5.6
110 34  KL   2 3.70 5.5
111 34  KL   3 3.90 5.3
112 38  KL   1 1.20 4.4
113 38  KL   2 1.20 4.2
114 38  KL   3 1.20 4.3
115 40  KL   1 2.50 4.7
116 40  KL   2 2.40 4.6
117 40  KL   3 2.40 4.3
118 41  KL   1 4.20 5.0
119 41  KL   2 4.20 4.5
120 41  KL   3 4.10 5.0
121 43  KL   1 1.60 4.8
122 43  KL   2 1.40 4.8
123 43  KL   3 1.70 5.0
124 44  KL   1 1.80 4.6
125 44  KL   2 2.00 4.6
126 44  KL   3 2.00 4.7
127 46  KL   1 1.80 2.5
128 46  KL   2 1.60 3.0
129 46  KL   3 1.60 2.6
130  1  SL   1 1.70 4.9
131  1  SL   2 1.60 5.0
132  1  SL   3 1.70 4.8
133  3  SL   1 2.80 6.5
134  3  SL   2 2.70 6.4
135  3  SL   3 2.80 6.1
136  5  SL   1 3.00 3.4
137  5  SL   2 2.90 3.9
138  5  SL   3 2.90 3.6
139 11  SL   1 3.50 4.5
140 11  SL   2 3.60 4.3
141 11  SL   3 3.60 4.2
142 14  SL   1 2.80 5.8
143 14  SL   2 2.90 5.9
144 14  SL   3 2.90 5.9
145 18  SL   1 1.60 2.7
146 18  SL   2 1.60 2.3
147 18  SL   3 1.40 2.4
148 19  SL   1 1.50 5.1
149 19  SL   2 1.60 5.3
150 19  SL   3 1.60 5.6
151 22  SL   1 2.00 4.1
152 22  SL   2 2.00 4.1
153 22  SL   3 1.90 4.2
154 28  SL   1 0.63 4.2
155 28  SL   2 0.64 3.7
156 28  SL   3 0.64 3.8
157 31  SL   1 1.70 3.5
158 31  SL   2 1.70 3.6
159 31  SL   3 1.80 3.7
160 33  SL   1 1.60 4.5
161 33  SL   2 1.50 4.8
162 33  SL   3 1.80 4.6
163 35  SL   1 2.60 6.5
164 35  SL   2 2.50 6.7
165 35  SL   3 2.40 6.6
166 36  SL   1 2.00 3.6
167 36  SL   2 2.00 3.5
168 36  SL   3 1.90 3.6
169 37  SL   1 3.10 5.7
170 37  SL   2 3.10 5.6
171 37  SL   3 3.20 5.5
172 39  SL   1 0.93 3.7
173 39  SL   2 0.98 3.9
174 39  SL   3 0.81 3.8
175 42  SL   1 1.20 5.0
176 42  SL   2 1.20 5.0
177 42  SL   3 1.20 4.9
178 45  SL   1 1.80 3.9
179 45  SL   2 1.60 3.9
180 45  SL   3 1.80 3.9
181  2  SL   1 0.75 3.0
182  2  SL   2 0.80 3.2
183  2  SL   3 0.81 3.7
184  4  SL   1 0.69 2.9
185  4  SL   2 0.69 2.8
186  4  SL   3 0.67 2.8
187  6  SL   1 0.88 3.2
188  6  SL   2 0.87 3.0
189  6  SL   3 0.86 3.1
190  7  SL   1 1.40 2.8
191  7  SL   2 1.40 2.8
192  7  SL   3 1.50 2.8
193  8  SL   1 1.30 3.9
194  8  SL   2 1.40 4.2
195  8  SL   3 1.40 4.0
196  9  SL   1 2.10 4.7
197  9  SL   2 2.40 4.3
198  9  SL   3 2.20 4.3
199 10  SL   1 1.20 4.2
200 10  SL   2 1.10 4.3
201 10  SL   3 1.10 3.7
202 13  SL   1 0.97 2.7
203 13  SL   2 1.00 3.0
204 13  SL   3 1.00 2.9
205 15  SL   1 0.62 4.8
206 15  SL   2 0.60 4.9
207 15  SL   3 0.70 4.7
208 16  SL   1 1.30 3.8
209 16  SL   2 1.20 3.9
210 16  SL   3 1.10 3.8
211 17  SL   1 1.70 2.8
212 17  SL   2 1.60 2.8
213 17  SL   3 1.60 3.2
214 20  SL   1 1.80 3.6
215 20  SL   2 1.70 3.8
216 20  SL   3 1.80 3.9
217 21  SL   1 1.20 3.1
218 21  SL   2 1.20 3.2
219 21  SL   3 1.10 3.2
220 24  SL   1 1.90 5.6
221 24  SL   2 2.00 5.9
222 24  SL   3 2.10 5.5
223 25  SL   1 1.70 4.1
224 25  SL   2 1.70 4.1
225 25  SL   3 1.70 4.1
226 27  SL   1 1.20 4.1
227 27  SL   2 1.20 4.3
228 27  SL   3 1.20 4.3
229 29  SL   1 2.50 2.5
230 29  SL   2 2.50 2.8
231 29  SL   3 2.60 2.6
232 30  SL   1 1.90 3.7
233 30  SL   2 2.00 3.9
234 30  SL   3 2.00 4.2
235 32  SL   1 0.51 3.1
236 32  SL   2 0.51 2.8
237 32  SL   3 0.53 2.8
238 34  SL   1 3.70 5.8
239 34  SL   2 3.90 5.8
240 34  SL   3 3.70 5.5
241 38  SL   1 1.20 4.6
242 38  SL   2 1.20 4.6
243 38  SL   3 1.20 4.4
244 40  SL   1 2.60 4.8
245 40  SL   2 2.60 4.8
246 40  SL   3 2.60 4.8
247 41  SL   1 3.90 4.6
248 41  SL   2 4.10 4.1
249 41  SL   3 4.00 5.0
250 43  SL   1 1.70 4.9
251 43  SL   2 1.50 4.7
252 43  SL   3 1.40 4.8
253 44  SL   1 1.90 4.7
254 44  SL   2 1.90 4.7
255 44  SL   3 1.90 4.6
256 46  SL   1 1.70 3.1
257 46  SL   2 1.60 3.4
258 46  SL   3 1.60 3.2
