     meth item repl    y
1      CO    1    1 78.0
2      CO    1    2 76.4
3      CO    1    3 77.2
4      CO    2    1 68.7
5      CO    2    2 67.6
6      CO    2    3 68.3
7      CO    3    1 82.9
8      CO    3    2 80.1
9      CO    3    3 80.7
10     CO    4    1 62.3
11     CO    4    2 65.8
12     CO    4    3 67.5
13     CO    5    1 75.8
14     CO    5    2 73.7
15     CO    5    3 76.3
16     CO    6    1 78.0
17     CO    6    2 78.8
18     CO    6    3 77.3
19     CO    7    1 86.3
20     CO    7    2 84.3
21     CO    7    3 88.0
22     CO    8    1 79.2
23     CO    8    2 79.0
24     CO    8    3 85.3
25     CO    9    1 71.0
26     CO    9    2 70.4
27     CO    9    3 72.1
28     CO   10    1 55.0
29     CO   10    2 53.1
30     CO   10    3 50.6
31     CO   11    1 86.8
32     CO   11    2 90.0
33     CO   11    3 92.5
34     CO   12    1 22.2
35     CO   12    2 25.1
36     CO   12    3 32.1
37     CO   13    1 79.5
38     CO   13    2 82.6
39     CO   13    3 86.8
40     CO   14    1 71.4
41     CO   14    2 73.0
42     CO   14    3 66.6
43     CO   15    1 83.8
44     CO   15    2 84.1
45     CO   15    3 82.3
46     CO   16    1 76.2
47     CO   16    2 78.0
48     CO   16    3 82.7
49     CO   17    1 86.8
50     CO   17    2 93.1
52     CO   18    1 78.6
53     CO   18    2 78.3
54     CO   18    3 79.0
55     CO   19    1 71.8
56     CO   19    2 74.2
57     CO   19    3 74.0
58     CO   20    1 73.8
59     CO   20    2 77.6
61     CO   21    1 73.0
62     CO   21    2 79.0
63     CO   21    3 93.4
64     CO   22    1 77.6
65     CO   22    2 82.7
66     CO   22    3 69.0
67     CO   23    1 78.5
68     CO   23    2 79.8
69     CO   23    3 79.5
70     CO   24    1 82.2
71     CO   24    2 85.9
72     CO   24    3 86.0
73     CO   25    1 85.7
74     CO   25    2 71.5
76     CO   26    1 78.6
77     CO   26    2 78.7
78     CO   26    3 79.2
79     CO   27    1 64.4
80     CO   27    2 70.1
81     CO   27    3 72.8
82     CO   28    1 60.0
83     CO   28    2 62.0
84     CO   28    3 66.5
85     CO   29    1 78.1
86     CO   29    2 77.2
87     CO   29    3 76.7
88     CO   30    1 79.4
89     CO   30    2 81.3
90     CO   30    3 83.2
91     CO   31    1 49.5
92     CO   31    2 44.5
93     CO   31    3 44.9
94     CO   32    1 85.2
95     CO   32    2 83.1
96     CO   32    3 81.7
97     CO   33    1 81.3
98     CO   33    2 82.2
99     CO   33    3 81.1
100    CO   34    1 86.9
101    CO   34    2 86.4
102    CO   34    3 85.4
103    CO   35    1 81.5
104    CO   35    2 73.1
105    CO   35    3 81.1
106    CO   36    1 84.1
107    CO   36    2 71.5
108    CO   36    3 88.2
109    CO   37    1 87.3
110    CO   37    2 79.6
111    CO   37    3 75.0
112    CO   38    1 84.5
113    CO   38    2 82.8
114    CO   38    3 80.7
115    CO   39    1 77.3
118    CO   40    1 67.1
119    CO   40    2 68.4
120    CO   40    3 71.1
121    CO   41    1 78.7
122    CO   41    2 77.1
123    CO   41    3 78.2
124    CO   42    1 65.0
125    CO   42    2 75.0
126    CO   42    3 67.5
127    CO   43    1 52.3
128    CO   43    2 50.8
129    CO   43    3 52.1
130    CO   44    1 57.0
131    CO   44    2 56.9
132    CO   44    3 58.6
133    CO   45    1 75.8
134    CO   45    2 79.5
135    CO   45    3 81.0
136    CO   46    1 84.9
137    CO   46    2 78.6
138    CO   46    3 81.3
139    CO   47    1 80.1
140    CO   47    2 78.9
141    CO   47    3 79.4
142    CO   48    1 69.0
143    CO   48    2 69.6
144    CO   48    3 72.8
145    CO   49    1 90.2
146    CO   49    2 87.9
147    CO   49    3 87.4
148    CO   50    1 52.6
149    CO   50    2 50.8
151    CO   51    1 56.6
152    CO   51    2 59.9
153    CO   51    3 59.5
154    CO   52    1 72.2
155    CO   52    2 79.0
156    CO   52    3 79.3
157    CO   53    1 68.7
158    CO   53    2 75.8
159    CO   53    3 67.5
160    CO   54    1 91.5
161    CO   54    2 57.9
162    CO   54    3 76.4
163    CO   55    1 90.2
164    CO   55    2 86.5
165    CO   55    3 85.7
166    CO   56    1 84.6
167    CO   56    2 85.6
168    CO   56    3 87.4
169    CO   57    1 93.5
170    CO   57    2 91.5
171    CO   57    3 80.8
172    CO   58    1 88.3
173    CO   58    2 89.9
174    CO   58    3 91.3
175    CO   59    1 89.4
176    CO   59    2 89.5
177    CO   59    3 91.6
178    CO   60    1 87.2
179    CO   60    2 83.5
180    CO   60    3 84.7
181    CO   61    1 75.9
182    CO   61    2 76.7
183    CO   61    3 74.3
184 pulse    1    1 71.0
185 pulse    1    2 72.0
186 pulse    1    3 73.0
187 pulse    2    1 68.0
188 pulse    2    2 67.0
189 pulse    2    3 68.0
190 pulse    3    1 82.0
191 pulse    3    2 77.0
192 pulse    3    3 77.0
193 pulse    4    1 43.0
194 pulse    4    2 69.0
195 pulse    4    3 77.0
196 pulse    5    1 76.0
197 pulse    5    2 72.0
198 pulse    5    3 68.0
199 pulse    6    1 79.0
200 pulse    6    2 78.0
201 pulse    6    3 78.0
202 pulse    7    1 84.0
203 pulse    7    2 82.0
204 pulse    7    3 82.0
205 pulse    8    1 74.0
206 pulse    8    2 74.0
207 pulse    8    3 77.0
208 pulse    9    1 70.0
209 pulse    9    2 70.0
210 pulse    9    3 71.0
211 pulse   10    1 63.0
212 pulse   10    2 72.0
213 pulse   10    3 78.0
214 pulse   11    1 82.0
215 pulse   11    2 85.0
216 pulse   11    3 88.0
217 pulse   12    1 24.0
218 pulse   12    2 28.0
219 pulse   12    3 36.0
220 pulse   13    1 70.0
221 pulse   13    2 71.0
222 pulse   13    3 75.0
223 pulse   14    1 80.0
224 pulse   14    2 80.0
225 pulse   14    3 76.0
226 pulse   15    1 80.0
227 pulse   15    2 78.0
228 pulse   15    3 77.0
229 pulse   16    1 64.0
230 pulse   16    2 66.0
231 pulse   16    3 75.0
232 pulse   17    1 86.0
233 pulse   17    2 89.0
235 pulse   18    1 72.0
236 pulse   18    2 74.0
237 pulse   18    3 75.0
238 pulse   19    1 71.0
239 pulse   19    2 75.0
240 pulse   19    3 71.0
241 pulse   20    1 68.0
242 pulse   20    2 75.0
244 pulse   21    1 75.0
245 pulse   21    2 80.0
246 pulse   21    3 88.0
247 pulse   22    1 65.0
248 pulse   22    2 86.0
249 pulse   22    3 65.0
250 pulse   23    1 79.0
251 pulse   23    2 82.0
252 pulse   23    3 79.0
253 pulse   24    1 80.0
254 pulse   24    2 84.0
255 pulse   24    3 80.0
256 pulse   25    1 78.0
257 pulse   25    2 72.0
259 pulse   26    1 76.0
260 pulse   26    2 77.0
261 pulse   26    3 76.0
262 pulse   27    1 54.0
263 pulse   27    2 55.0
264 pulse   27    3 67.0
265 pulse   28    1 57.0
266 pulse   28    2 70.0
267 pulse   28    3 71.0
268 pulse   29    1 75.0
269 pulse   29    2 75.0
270 pulse   29    3 71.0
271 pulse   30    1 72.0
272 pulse   30    2 72.0
273 pulse   30    3 74.0
274 pulse   31    1 28.0
275 pulse   31    2 46.0
276 pulse   31    3 61.0
277 pulse   32    1 76.0
278 pulse   32    2 79.0
279 pulse   32    3 76.0
280 pulse   33    1 85.0
281 pulse   33    2 80.0
282 pulse   33    3 82.0
283 pulse   34    1 82.0
284 pulse   34    2 79.0
285 pulse   34    3 80.0
286 pulse   35    1 79.0
287 pulse   35    2 67.0
288 pulse   35    3 71.0
289 pulse   36    1 76.0
290 pulse   36    2 75.0
291 pulse   36    3 70.0
292 pulse   37    1 80.0
293 pulse   37    2 80.0
294 pulse   37    3 68.0
295 pulse   38    1 81.0
296 pulse   38    2 84.0
297 pulse   38    3 82.0
298 pulse   39    1 79.0
301 pulse   40    1 62.0
302 pulse   40    2 63.0
303 pulse   40    3 64.0
304 pulse   41    1 71.0
305 pulse   41    2 70.0
306 pulse   41    3 71.0
307 pulse   42    1 73.0
308 pulse   42    2 74.0
309 pulse   42    3 71.0
310 pulse   43    1 59.0
311 pulse   43    2 57.0
312 pulse   43    3 57.0
313 pulse   44    1 60.0
314 pulse   44    2 60.0
315 pulse   44    3 61.0
316 pulse   45    1 74.0
317 pulse   45    2 75.0
318 pulse   45    3 75.0
319 pulse   46    1 77.0
320 pulse   46    2 77.0
321 pulse   46    3 76.0
322 pulse   47    1 76.0
323 pulse   47    2 78.0
324 pulse   47    3 77.0
325 pulse   48    1 67.0
326 pulse   48    2 73.0
327 pulse   48    3 82.0
328 pulse   49    1 84.0
329 pulse   49    2 83.0
330 pulse   49    3 77.0
331 pulse   50    1 45.0
332 pulse   50    2 51.0
334 pulse   51    1 44.0
335 pulse   51    2 52.0
336 pulse   51    3 48.0
337 pulse   52    1 67.0
338 pulse   52    2 73.0
339 pulse   52    3 75.0
340 pulse   53    1 71.0
341 pulse   53    2 76.0
342 pulse   53    3 70.0
343 pulse   54    1 92.0
344 pulse   54    2 65.0
345 pulse   54    3 77.0
346 pulse   55    1 92.0
347 pulse   55    2 85.0
348 pulse   55    3 88.0
349 pulse   56    1 84.0
350 pulse   56    2 82.0
351 pulse   56    3 84.0
352 pulse   57    1 92.0
353 pulse   57    2 90.0
354 pulse   57    3 82.0
355 pulse   58    1 84.0
356 pulse   58    2 87.0
357 pulse   58    3 89.0
358 pulse   59    1 94.0
359 pulse   59    2 89.0
360 pulse   59    3 91.0
361 pulse   60    1 79.0
362 pulse   60    2 77.0
363 pulse   60    3 80.0
364 pulse   61    1 72.0
365 pulse   61    2 70.0
366 pulse   61    3 68.0
